賞与

年             賞与            基本給      率
H28.12    395,600      369,600    1.07
H28.6      477,400      368,600    1.30
H27.12    342,900      368,600    0.93
H27.6      470,043      366,000    1.28
H26.12    525,594      366,000    1.44
H26.6      570,972      365,000    1.56
H25.12    613,200      365,000    1.68
H25.6      546,750      364,500    1.50
H24.12    546,750      364,500    1.50
H24.6      492,780      364,500    1.35
H23.12    492,075      364,500    1.35
H23.6      408,590      364,000    1.12
