賞与

年             賞与            基本給      率
H29.6  (2017)    511,900      369,600    1.39
H28.12(2016)    395,600      369,600    1.07
H28.6  (2016)    477,400      368,600    1.30
H27.12(2015)    342,900      368,600    0.93
H27.6  (2015)    470,043      366,000    1.28
H26.12(2014)    525,594      366,000    1.44
H26.6  (2014)    570,972      365,000    1.56
H25.12(2013)    613,200      365,000    1.68
H25.6  (2013)    546,750      364,500    1.50
H24.12(2012)    546,750      364,500    1.50
H24.6  (2012)    492,780      364,500    1.35
H23.12(2011)    492,075      364,500    1.35
H23.6  (2011)    408,590      364,000    1.12
H22.12(2010)    414,414      364,000    1.14
H22.6  (2010)    398,119      364,000    1.09
H21.12(2009)    238,458      364,000    0.66
H21.6  (2009)      50,000      364,000    0.14
H20.12(2008)    695,000      364,000    1.91
H20.6  (2008)    695,000      364,000    1.91
H19.12(2007)    645,000      360,000    1.79
H19.6  (2007)    635,000      360,000    1.76
H18.12(2006)    635,000      360,000    1.76
H18.6  (2006)    634,626      355,000    1.79

